0.55498
-0.16127
0.53791
-0.06483
0.54999
-1.37058
-0.37797
1.02835
0.69543
-1.33231
0.48683
1.88706
0.60693
0.77881
0.02092
-0.4491
1.60272
1.73625
-0.20326
1.65593
1.54281
0.97826
0.02302
-0.49807
-1.40359
-0.95077
-0.29226
0.71598
-0.31236
-0.63667
0.39523
0.61444
-1.51408
-1.49414
-0.61685
2.14562
0.27
2.37571
0.82775
2.61071
1.33078
1.36507
0.79243
-0.14419
-1.93396
-1.57421
-4.35393
-1.72895
-2.25201
-3.7068
-2.72899
-4.19505
-1.91197
-2.2787
-0.86077
-0.72809
-0.35772
-0.80768
-0.74619
0.77596
0.53377
-0.35931
0.14507
-0.20419
-1.97997
-0.96962
-3.11248
-2.40435
-1.80799
-0.97484
0.08672
-2.2459
0.65859
-1.45454
-1.85576
-2.19543
-1.80717
0.02567
1.32539
0.80955
0.80587
2.73658
1.88517
0.93584
2.57392
0.55809
3.74442
3.6728
-0.30443
2.56466
2.13493
1.38122
0.24231
-0.0883
1.48592
0.75678
1.33198
1.29149
0.93771
-1.88272
-3.04997
-0.66646
-0.4475
-2.45334
-1.19506
-1.98348
0.2115
-3.30166
-1.26537
-2.17102
