0.126
-0.13102
-0.21672
-0.4331
-1.67536
1.16353
-1.83968
-1.87077
-0.04054
-0.59142
0.62434
-3.95858
1.55653
-1.5159
-3.10827
-1.7743
-1.22378
-0.79561
-2.67644
-1.08391
1.28004
-0.71967
-1.00639
-0.6185
0.63345
-0.62766
-1.68827
0.92417
-0.58226
-0.74765
0.45337
-0.33919
-1.64319
-0.11311
-1.22748
0.22685
-0.49475
0.70838
-0.96712
0.23903
2.13532
-0.36505
-1.95724
-2.47061
1.00815
0.73379
-0.56711
0.35211
-0.28082
-1.25526
0.63293
-1.51593
1.15095
1.5662
-0.8176
-0.06529
1.25407
0.48017
-0.45475
1.21278
1.07819
-0.17491
-0.2497
-0.07213
-0.51275
-1.48364
-1.58792
-1.14209
0.14636
-0.46188
-2.98586
-0.50874
-2.69942
-0.82714
0.30655
0.19469
-1.74234
-0.29729
-3.41112
-1.52095
-1.62168
-2.66147
-2.85023
-1.45717
-0.67825
-2.22401
-0.98671
-2.83002
2.14382
1.85572
1.49624
0.78921
1.37176
1.32148
1.0153
2.81401
-0.16458
1.02624
2.23286
1.31099
1.52878
0.17328
1.66427
-1.3664
-1.2902
1.31922
0.35051
-0.07575
1.5323
-0.02129
