-0.36795
1.12235
0.55925
0.78245
-0.41481
0.69813
-1.50155
0.39715
-0.44181
0.24988
-0.87442
0.06667
0.54506
2.38955
-0.33444
1.79401
0.74337
0.45035
0.78345
0.11981
0.99276
0.61426
0.69793
0.94475
-1.37996
1.86689
1.19648
0.21951
0.08495
-0.46271
0.14077
2.21642
0.56646
1.43139
-0.0841
-1.13917
-1.9738
-0.56007
0.10426
-1.38878
0.73577
-0.7689
-0.83142
0.37092
1.88278
0.65352
1.40456
3.60479
-0.06059
1.10608
0.83413
1.28479
0.79285
1.68414
1.6123
-1.23016
-0.48031
-1.77452
-1.52637
-0.71751
-1.40869
-1.58286
-2.96893
-0.2832
-1.85429
-1.24072
-0.67386
-0.34248
-1.38195
-1.22902
-0.37554
1.27192
-1.12613
-0.98913
-1.23348
0.21987
-0.71077
0.27017
0.11928
1.83832
1.46122
1.32417
0.18122
-0.28369
-1.73873
-0.16713
0.18882
0.12027
-1.43091
-0.8812
-1.62877
-0.03378
0.86019
-2.01755
0.07103
-1.75724
0.61626
-0.81755
-0.61911
-1.05824
-2.05585
0.25862
-0.87171
-0.23607
-0.9176
-1.94481
-1.54092
-0.76789
0.07449
-0.43136
