1.37186
-0.52179
0.40592
0.29858
1.35355
-0.43222
1.85673
0.87873
1.41791
2.42102
0.83077
-0.06421
0.91297
0.1078
-0.9039
-0.00972
0.83916
-0.62845
-1.03347
-1.16835
-0.52421
1.3021
-2.45385
-1.54291
-1.34819
-0.45867
-2.68145
-2.05032
-2.16219
-1.83585
-2.74375
-1.58006
-2.26144
-2.0504
-1.44622
-2.92348
0.33141
-1.07225
-2.29919
0.57591
-1.36579
0.11599
-0.84679
0.732
-2.34239
-0.5044
0.55502
0.33983
-2.47307
-0.09118
-2.17316
1.1099
-1.75676
-0.8612
-1.4865
-2.03504
-0.32443
0.14472
-0.85653
0.5724
0.98058
0.17379
-1.42566
-1.37499
-0.5201
-0.08524
1.08483
1.91665
1.86958
0.5374
1.29932
1.49707
1.99308
-0.69838
1.27596
1.61869
1.06413
0.79555
0.34946
1.88035
-0.60342
1.37339
0.3757
-1.55265
0.17942
1.50856
0.31217
1.44602
-1.56703
-2.07556
-0.69712
-1.12296
-0.70998
-0.81123
-3.23753
-2.54645
-0.53264
-0.53832
-1.3565
2.22615
2.47551
1.44942
1.86849
2.17883
3.90352
2.06872
2.19552
2.91781
2.858
2.93985
