-1.84701
-2.66136
-1.17564
-1.12091
-1.68174
-2.1266
-0.20145
-0.53547
-1.67967
-1.16655
-1.20047
-0.74097
-1.08848
1.27451
-1.04696
0.99021
1.49186
0.22848
0.29054
0.24303
-0.51118
-1.47007
0.69653
-1.04362
-1.19569
-0.49679
-2.32261
-0.55979
-0.70395
-0.67297
-0.44822
0.68939
0.1123
-0.8662
-0.7617
-0.55781
-1.32585
-0.62901
-0.67797
-0.9511
-0.87582
-0.44728
-2.03503
1.02461
-0.93487
-0.02338
1.14272
1.43171
0.38735
0.65747
-0.04606
0.25217
-0.0571
0.03624
0.01885
1.2535
-0.41488
-0.18181
1.61595
-0.26591
1.85561
1.21808
0.38051
0.72786
1.51598
0.04789
0.04096
2.56524
-0.70397
1.75175
0.71131
2.24716
0.05171
-0.77938
1.62774
1.37147
0.26603
1.42714
-0.41569
1.48868
-0.96385
-0.66615
2.05615
-1.4699
0.20753
1.22478
1.91071
-1.02543
1.64097
2.57868
0.30687
0.93011
1.16114
3.23883
0.50332
-1.27018
-0.18035
0.63
1.45906
-0.01568
2.05761
0.90792
0.54669
1.97776
1.7147
0.01036
2.82104
1.82621
2.57269
1.42516
