1.4243
0.38849
0.53766
1.96869
0.81577
0.18825
3.80502
0.37183
1.18501
0.05955
1.13573
-0.26336
1.03578
-0.44832
-0.23536
0.6426
0.58441
1.09456
0.01156
-0.31624
0.62542
-0.53213
-1.4054
-2.71389
0.48334
-2.46854
-1.16647
-1.58147
-2.548
-1.42721
-0.46699
-1.15365
-4.05038
-1.60659
-1.67157
-0.00063
-2.1017
-1.88237
-0.83558
-1.63751
-0.05635
-0.66151
-1.54643
-0.60561
1.89802
0.46457
1.69817
-0.28257
-0.34558
1.35992
3.15389
0.21666
0.32261
0.73694
2.62171
2.06627
1.42155
0.90893
1.41455
1.1036
2.39449
1.54035
2.85672
2.9353
0.78506
2.64579
1.17284
2.76996
3.0213
2.49731
2.56268
1.29282
0.97074
1.58359
1.63279
0.61634
1.99403
-2.85659
-1.5332
-1.49179
-0.45241
-3.57523
-0.20322
-0.90093
-2.26013
-1.04038
-3.00794
-3.54313
-0.24434
-0.33179
0.34346
-0.76583
2.08379
1.79986
-0.46626
2.00866
-0.37239
-0.69169
0.91512
1.69199
1.08982
0.8829
0.52178
0.93021
0.73408
1.40496
-0.04332
1.63512
0.9517
1.40274
