1.04611
2.61356
1.79801
2.76507
1.20149
2.37305
0.61824
1.68953
-0.60944
1.27841
1.06313
-0.15836
0.99849
-0.96977
0.56708
1.03594
0.32187
0.64213
0.78233
1.88277
1.91984
0.86386
-2.04688
-1.85761
-1.00777
0.20391
0.80373
-0.89796
-0.14475
-0.39591
0.40671
-0.37724
1.1393
-0.04549
1.10951
0.13719
0.33913
1.05829
-0.45283
-0.4669
0.34231
0.56043
-2.9788
-0.56678
-1.63066
-2.10942
-1.44594
-1.72962
-0.60767
0.51088
0.6141
-2.51381
-1.08811
0.7225
-1.16001
-2.22271
-2.19779
-2.54355
-1.9748
-2.15679
-2.17804
-2.05187
-0.57453
-0.73521
-1.7316
-3.29298
0.76967
-0.7805
1.46755
0.67139
0.70334
0.66562
-0.55565
-1.07553
1.05807
-0.74111
0.73369
-0.82361
-1.68635
-1.13365
1.67736
-1.24481
-1.2399
0.50837
-0.92594
-0.19278
-2.28387
0.15958
-0.35342
-1.31288
1.18921
-0.34621
-0.34982
-0.61016
-0.67354
0.77393
0.63257
0.48578
-1.41694
0.73257
-0.24189
2.34799
0.50889
1.92567
-0.32643
-1.19033
-0.4546
-1.25581
-0.20805
-0.90894
