-1.72555
1.08557
-1.87405
-2.44967
1.51375
-0.35931
-0.91862
-0.11875
0.07964
0.23358
-0.30119
-1.0524
-1.46904
-0.26927
1.09315
-1.23149
0.23012
0.7827
0.0222
-0.90539
-0.88876
-0.50194
-0.37985
-1.13154
-1.61782
-2.88101
-1.5911
0.38331
-2.04242
0.24535
-0.8825
-0.19107
0.79971
0.4359
-0.65214
2.18303
0.05461
0.63645
1.19674
0.69062
0.14999
-0.15016
0.2225
0.63057
-0.35071
-0.78494
-0.26093
-0.09628
-0.95595
0.28921
0.335
-1.11547
0.71954
-0.75771
-2.25165
0.91248
3.87735
-0.16079
1.86311
0.22227
1.58759
3.16226
1.31766
1.30777
2.2596
1.22729
0.19368
2.02811
3.60005
4.12492
2.06149
0.59122
3.80908
1.52302
2.35617
1.77138
2.70923
2.15451
-1.24263
-0.42529
-3.87258
-2.67453
0.5915
-1.37433
-1.51789
-1.13767
-1.03584
-1.80554
-0.64406
-0.2748
1.15492
-0.53138
-0.5511
-0.20779
-1.59614
-2.08058
-1.16231
0.77571
-2.06285
1.44195
0.76976
1.48333
2.80711
0.64774
0.69384
2.23534
0.4589
0.55941
2.27111
1.39708
