1.07559
-0.69821
-0.65534
1.49005
-0.73708
0.00404
0.17612
1.50999
-1.29662
0.89777
1.43958
-0.6318
0.28194
1.24665
3.34524
2.63798
0.89547
1.12383
1.8021
0.41665
0.36056
1.78562
-1.0258
0.95499
-0.99793
0.4593
2.40003
-1.6676
0.62336
-0.27124
1.84574
0.22481
-1.27344
0.22188
-0.12056
0.41141
1.2867
-0.34325
0.32212
0.73391
2.12702
-1.06432
1.46601
-0.0575
-2.57563
-0.12198
-0.1136
-1.85848
-0.72979
-1.62059
-0.16611
-1.30327
-0.74471
-1.82464
-0.63436
1.96229
-0.46839
-0.61133
-2.21128
-0.42203
-0.24856
-0.31141
-0.25435
0.96249
-0.54339
0.42605
0.83649
0.30539
1.26908
0.77543
-1.13562
1.14851
1.28475
1.47182
0.8264
-1.04197
-1.37768
1.29852
0.21377
0.05989
-1.18964
1.5358
1.25651
0.44312
1.79863
-0.57067
-0.10322
2.39984
-2.13195
-0.12999
-2.48658
1.08499
-1.76977
-0.98973
-0.79595
-1.75343
-1.91551
-1.0377
-1.14262
0.55392
1.84099
1.07685
0.18328
0.55898
-0.20171
0.02894
-0.49782
1.40964
0.34443
1.60239
