0.49217
-1.0634
-1.48323
0.34837
-2.1293
-0.63184
-0.47809
-0.52093
0.33832
-0.378
-0.59982
-4.1389
-1.11454
-0.89787
-0.75169
-0.38355
-2.79124
-1.12521
-1.07569
-1.51801
-1.29742
-0.93523
-0.03917
0.43899
2.19083
-0.33367
0.70446
-0.23652
0.10952
1.37451
0.21991
1.55031
0.45579
-1.39836
0.36892
-0.89878
-3.98682
-1.18673
0.31498
-3.23744
0.62173
-1.30748
-1.58154
-1.07607
-0.17836
-0.6219
0.49606
-0.23472
-0.13517
-0.74206
0.56827
-1.6167
-0.196
1.94523
-0.3484
0.56634
-0.07199
1.86498
0.26705
0.03684
0.7292
1.37739
2.24423
-1.05642
1.04784
-0.90789
-0.44562
-2.26402
-1.36232
-0.86232
-2.13354
-2.64225
-2.73712
-1.87955
-1.64707
-1.73623
-0.55937
0.65483
0.30913
-0.00424
0.13521
-0.51559
0.39169
0.79376
-0.20179
0.51548
0.24881
0.09335
-0.88176
0.14258
-0.01736
-0.63922
0.62144
-0.0271
1.29243
-0.44195
0.50238
0.00228
-3.0519
-1.11578
-1.65918
-2.33147
-0.38461
-1.36748
-0.14489
-0.78767
-1.09011
-0.79531
-0.51499
-1.59339
