-0.82065
0.80958
0.28126
1.30482
1.3818
-1.55226
-0.74701
-0.32955
0.11972
0.08116
2.22966
0.08355
0.01083
-0.00266
0.11355
-0.72317
-0.91983
-0.82478
0.03047
0.35595
1.28058
-1.82075
-1.13124
-1.15733
0.42062
0.78312
-1.85611
0.0655
-1.05659
-1.09366
2.67213
-1.34059
-0.40722
0.11633
2.51331
2.1714
-1.9515
-0.05754
1.49048
1.01841
-1.40462
0.90001
-1.12912
1.13053
-1.31971
1.33094
1.11849
0.89942
-1.41715
0.58131
-0.31927
-0.34929
-0.82115
-1.09897
0.64429
-0.49454
0.33825
0.61434
-0.90004
-0.01895
0.76579
-0.73713
-0.34175
-0.69126
-1.0955
-1.43795
-0.20568
-1.52526
-0.73092
-0.76306
1.01784
1.53079
0.42248
-0.04127
-0.25542
0.27958
-0.16989
0.36967
-0.8055
-1.21278
-1.19633
0.09793
0.65626
-0.11436
0.52141
1.15057
-1.91274
-1.29925
-0.17352
-1.39719
-0.45412
-1.14105
2.41833
-0.03838
-2.24859
0.10391
-1.01569
-1.74759
-1.16796
-0.43149
