-0.72138
0.45175
0.47971
-0.41423
-0.39815
-0.67592
0.37534
-0.49793
-0.2723
-1.595
-0.41007
1.13385
0.77332
0.09652
0.04072
-1.44689
0.20657
-0.83821
1.56826
0.26484
0.76436
-2.03323
-1.89851
1.33836
0.9625
1.2802
-2.22369
-0.4841
-1.19958
-0.10894
-0.17527
-0.82444
0.40789
-0.88609
-0.15352
-0.88533
0.7595
-0.56963
0.30209
-1.47634
-0.76644
1.11856
-1.29309
1.53398
0.2406
2.30849
0.18318
1.76685
-0.65853
-0.22806
0.93174
-0.47416
-1.61973
-0.00067
-1.30429
0.6491
0.68436
2.31864
-0.11008
0.50056
-0.99869
0.54916
-0.74483
1.16222
1.95964
-0.08884
-0.22828
-0.22448
-0.42509
1.51898
-0.9932
-1.18491
-1.27937
1.47258
1.03086
1.88121
-1.27243
-0.69547
-0.16807
-0.18178
0.96259
-1.53289
-0.15534
0.64253
-1.13989
-0.28805
-1.55889
1.66274
-1.33113
0.35669
-0.95831
0.60984
0.6113
-0.87742
-0.11132
-0.44543
-0.74837
0.56146
0.14786
-0.48208
