1.02599
-1.12633
-1.0893
-1.26146
0.4158
-1.01538
-1.32705
0.07115
1.27591
-0.12385
1.07647
0.56521
2.21091
1.06109
1.70599
-0.62614
0.50442
1.86313
-0.0568
-0.60754
0.54963
-1.05241
-0.48638
0.88534
0.47558
0.23894
0.57424
-0.35226
1.34335
-0.07258
0.79671
-1.04874
-0.47944
-0.05945
1.91068
-0.96423
0.35043
-0.25709
1.26571
-0.45326
-0.67339
-0.55652
0.24923
-0.63844
1.84582
-1.59145
-0.61538
-0.51007
0.38341
1.31296
1.24742
0.11085
0.16666
-1.10894
0.02632
0.12745
0.13359
1.56423
-0.12534
-0.85711
-0.00264
-0.63855
0.00937
0.99603
-1.48495
-1.13335
0.42612
0.01533
-0.7705
1.00446
0.03769
-0.53644
1.67632
-0.32167
-0.44916
1.13741
0.81424
-0.34005
-0.9663
2.0534
-0.00348
-0.98725
0.53301
0.04215
0.68466
-0.5586
-0.33973
-0.00957
-0.99467
-0.57161
-1.0383
-1.38756
0.55707
-0.50322
1.35502
0.14198
-0.73195
3.16574
-2.54445
1.15036
