-1.39735
1.99071
0.47828
0.60833
-0.69028
-0.41196
-1.79286
0.92808
1.81028
-1.43281
-0.33862
1.4497
-1.28654
0.91367
0.16242
0.58653
0.94565
0.526
-1.56903
-2.34059
1.58771
1.03256
0.02222
-0.84395
-2.48551
-0.6324
0.62176
-0.66132
0.13859
1.86533
-1.15881
0.24886
0.96422
1.52444
-0.0379
2.42737
-1.05267
-0.74827
-0.72144
1.68605
0.07248
-1.50938
0.01956
0.83841
-1.24659
0.84355
-0.34243
0.35256
1.17835
-1.07412
1.04504
0.2636
-0.75055
0.85652
1.41474
-0.5172
1.97218
-0.70331
-1.62901
-0.717
0.42102
-0.61813
1.3854
-0.80101
0.75644
-0.00332
-0.79083
-1.11295
0.23016
-0.76665
-0.51979
-0.22776
0.96758
-0.60857
-0.41804
-0.42536
0.83523
-0.99425
-0.20087
-0.09778
0.29427
-1.33577
-0.43117
-0.89366
0.01366
0.85736
0.50136
-0.14622
0.3876
-0.19478
1.21288
-0.46785
0.72177
-0.72849
1.29017
0.00552
-1.08937
-0.75831
1.47071
-0.39943
