1.76688
-1.1837
-1.07549
-0.98352
-2.93725
0.83304
0.76894
-0.91195
-0.64725
-0.08896
-2.37895
0.45435
0.90211
-0.56178
-0.15348
-0.09261
0.24033
-0.96184
1.87642
1.62259
-0.94336
1.11706
0.99447
0.25169
-0.88965
-2.62038
-0.88736
0.51119
1.7376
-0.51425
-0.22832
-0.99054
-0.10424
-0.93299
1.64739
-1.16116
-0.99817
-1.52234
0.44509
-0.04744
-0.42545
1.27102
-1.3058
0.49028
0.05294
0.26831
-0.55753
-0.66826
-0.89288
-0.32008
-0.2433
2.0719
1.0744
0.11985
-0.58631
-0.47337
1.02736
-0.8743
-0.09422
-0.84311
1.85439
0.73814
0.72194
-0.86132
0.90002
0.1099
-0.75035
-0.47207
0.03524
0.65696
0.03699
-0.58839
1.59216
0.1892
0.20737
-0.7395
-1.35166
-0.73593
1.15362
0.17742
-1.42322
1.40518
-0.54045
-1.73705
-0.64899
0.00236
-0.71141
1.0472
1.35088
-0.43039
1.02486
-0.01234
0.7739
0.34846
0.29978
0.44408
0.38151
-0.4947
-1.44831
0.91099
