-0.6659
-0.5955
-0.06021
0.01222
0.54552
1.15895
2.379
-0.19203
2.55644
0.51872
-1.38935
-0.78615
-1.21994
1.80479
0.35966
-1.48847
-1.45213
0.40133
-0.22903
0.22132
0.47791
-0.62304
-0.78924
0.16271
0.4376
-1.71692
0.16094
-0.77578
0.25299
-0.36221
-1.65825
0.28372
1.00651
0.62946
-0.55232
0.16255
-0.57512
0.13023
0.69106
0.54305
-0.98978
0.94249
1.14275
1.63989
-0.20118
-2.22083
0.69876
0.27189
-1.32347
0.80196
0.72351
1.98392
-0.48256
0.57793
-0.78037
-0.23829
1.66137
-1.34569
-1.01603
2.42364
-0.17153
-1.95777
0.67636
-0.12071
1.56213
0.68718
0.20325
-0.02635
0.42163
1.50973
0.93038
-1.02414
-0.3379
-0.79367
-0.31346
1.6919
-1.15206
-0.80146
0.39273
-0.68688
0.12531
0.30702
-1.00092
0.63716
-0.41599
-0.75733
-1.87704
0.73403
-0.41922
0.61626
0.72663
0.98831
-0.77486
-2.10287
-0.79933
-0.54903
-0.653
0.1233
-1.51786
-0.38667
