0.73586
-0.92315
1.31029
0.63126
0.71201
1.18551
-2.51878
0.89694
1.03938
-0.33143
0.18576
0.53732
-0.63826
-0.31274
-0.17316
1.11923
-0.20149
1.36293
-0.38088
0.21416
-0.99157
-0.87463
0.08129
-1.25301
-0.38537
-0.05876
-0.40964
-0.42965
0.40562
1.57193
-0.19424
-0.85777
0.15847
0.79133
1.14586
0.64688
0.40335
0.33654
0.84383
-0.86599
1.63737
0.67185
-0.39418
-0.6761
-0.93903
1.74012
-0.75112
-1.25425
-0.77137
-1.65927
-1.40478
-0.28814
1.10835
6e-04
0.24904
-1.85723
0.63575
-0.21147
0.7362
0.163
-0.58172
0.06749
0.51825
-2.13336
0.94535
0.58833
1.47549
-0.23726
0.41216
-2.23625
0.39424
0.81319
-0.54906
0.86475
-1.40488
0.62755
0.21546
1.60409
-0.31182
-0.46397
-0.91896
0.10436
0.03838
0.78205
0.4288
-1.10588
-1.67584
-2.12267
1.01938
0.54348
-0.17811
-0.95236
1.27699
1.12144
0.27522
1.2665
-0.25225
1.80495
-0.80684
-0.48178
