0.47953
1.19273
0.15326
1.3349
0.04182
-1.01774
-2.09121
0.26983
1.12415
-0.0551
-1.40938
0.45478
-1.15389
-0.22009
-0.60153
1.21528
-1.59362
1.49194
-0.14584
0.73987
-0.08319
1.32213
-1.58873
1.13275
1.50745
-0.2854
0.2599
0.24597
-0.10174
1.07006
-0.01728
0.81165
0.91573
2.27119
0.64215
-0.82832
-1.28366
1.79638
-1.21065
1.53656
0.68625
-0.00297
0.76764
1.10619
-0.86098
1.89491
1.08556
-2.24586
-0.78891
-1.37124
0.74764
2.12974
2.17614
-1.12567
1.04879
-1.46305
-1.09715
0.18182
-1.27824
0.02734
-1.71764
-1.81653
0.16873
0.85182
0.80508
-0.24121
0.58031
-0.17107
0.02278
-0.35463
0.95315
0.25854
0.20771
1.72332
-1.11938
-0.19707
1.149
-0.23357
-1.11377
-0.77719
-0.63866
-1.13717
-0.88187
-0.94225
-0.26682
2.30957
2.08561
-0.08812
0.7816
0.46853
-0.78483
-0.78756
1.393
0.16849
1.15612
0.44771
1.55284
-0.82689
0.1716
-1.33598
