0.90131
0.31066
2.39395
-1.24609
0.64595
-1.00098
-0.07104
-0.01621
-0.7769
0.22206
0.07066
-0.56912
0.85111
1.22973
1.08066
-0.40081
1.64078
0.54447
0.36253
0.60626
-0.7332
-0.44897
1.08104
1.17092
0.36882
0.61336
-0.72556
0.65748
0.8374
0.17271
0.80086
0.25074
-0.48655
-0.88229
-0.79467
1.27365
-0.46889
-1.32759
-0.16607
0.61896
1.40448
-0.98796
-0.9561
0.08635
-0.23354
-0.10436
2.19397
-1.89913
-0.3338
0.27777
0.00906
0.59541
-0.69113
0.4148
-0.90998
0.23603
0.71652
-0.85029
0.85833
1.06177
-0.12402
0.59967
-0.73895
-1.04876
-1.20121
0.75716
-0.32486
-0.21842
-0.65858
-0.11008
0.47431
0.80104
0.56195
0.87438
-0.36529
-0.73626
0.42324
1.84228
-0.39489
-1.34553
1.0703
1.31726
-0.53275
-0.94427
-1.16783
-1.17471
1.4153
0.36887
-1.27692
1.15415
0.50921
-1.71854
0.53227
-0.3226
0.35145
1.28857
-1.51833
1.43183
-0.59351
-0.44807
