-0.55638
1.48067
0.31841
1.2497
-0.49519
0.74636
-0.09409
-0.94311
-0.79576
1.04305
0.9662
0.46393
0.4723
-0.16514
-1.4151
-0.05766
1.38647
-1.42353
-1.81705
-1.68707
0.12657
0.62784
0.01146
0.43424
0.41705
0.43175
0.3077
1.59419
-1.80096
-2.41026
-0.87976
-0.73985
0.41768
-0.06289
0.60137
-2.50234
-0.57837
-0.84243
2.4836
-1.4634
0.06562
-0.59457
1.54876
-1.61548
-2.34317
-0.04835
1.2062
0.72151
0.42533
0.46013
-0.6849
1.15131
-0.80441
0.59389
0.14162
0.08671
-0.75699
0.4856
-1.39508
-0.03005
0.63448
-0.07273
-0.79887
-0.61846
0.44147
-0.34556
0.62736
0.70022
-0.47719
0.05861
-1.6804
-0.93306
0.19198
-0.86251
-0.06839
0.47609
0.39195
1.45133
0.71659
-0.92003
0.48141
-0.62076
0.34723
0.80763
1.08283
0.8268
-0.77408
0.05786
-0.00699
-0.7329
0.86116
0.40298
0.30809
-0.4585
-1.76931
-1.14343
0.28725
-0.04109
-0.43454
-0.56305
