3.72369
0.50291
0.87592
-0.84382
-1.74086
-0.18011
1.19531
-0.91953
0.60798
0.71894
-0.32747
0.38097
-0.56567
0.83822
-0.75622
-1.23693
-0.86751
0.14707
1.76418
1.4889
0.76617
-0.2384
-1.18303
0.25097
-1.80283
-1.22704
-0.59541
1.07288
-0.37475
-1.14849
-0.04294
-0.28933
0.75271
-0.15734
-0.7573
0.05845
0.57924
0.36039
1.72145
-1.1485
0.50254
0.24342
0.56471
-0.17365
0.87894
-0.42015
0.49291
0.71309
-0.56846
-0.36774
0.51499
-0.76843
-0.636
-0.1584
1.19419
-0.43633
0.06246
0.17607
-1.2575
0.80403
0.52417
0.81938
-0.80862
-0.05743
1.43194
-0.11343
0.27269
-0.14002
1.05475
-0.61849
0.03709
1.26022
1.16869
-1.16197
-0.3055
-0.31154
-1.19075
0.32372
0.6017
0.26552
0.37466
-1.16542
-0.30264
0.15215
1.25923
-0.83557
-0.33061
1.10315
0.73011
-1.43755
-2.74769
1.28678
0.71008
0.38666
0.34997
1.11595
0.06718
-0.2556
-0.15525
0.80188
