-0.85543
2.19768
-0.8879
1.36304
0.68948
-0.0872
0.68694
-1.16667
0.60029
-0.10172
0.18823
1.17866
0.97203
0.75293
0.94564
-0.76817
0.48503
1.84311
0.85708
-0.61864
-0.36847
0.04275
-0.53904
1.08194
0.24591
-0.94852
0.20461
-1.10412
-0.29005
-0.62864
1.67512
0.53627
0.45249
-0.2345
-0.77142
-0.94715
-0.27555
0.57566
0.35233
0.25415
-0.18896
1.81964
0.03568
0.69499
2.17843
-0.59807
-0.07107
-2.26077
0.94246
-0.57711
1.74636
-0.34917
-0.21869
-0.4422
-0.29186
0.40408
0.5606
-0.53564
0.40837
-0.10929
-0.19113
2.1373
0.01529
0.50799
-1.30838
0.02641
1.04079
1.14845
-0.82008
-0.80612
-0.64933
-1.45304
-0.13415
-2.39843
0.44768
1.49452
-0.96044
1.00406
1.94987
-1.08592
0.85204
0.33741
-1.42101
0.18622
0.87021
1.21255
-0.89048
1.27446
-0.08138
-0.4065
-1.40602
0.88871
0.33574
-0.58297
-1.34347
1.65827
-0.13444
1.06906
-1.13631
0.65732
