0.18911
-0.48711
1.68659
-0.56859
-0.23308
0.19936
-0.93503
0.36746
2.00276
-0.20228
0.1634
-1.16357
0.67181
0.98648
0.93476
-3.50161
0.23445
-0.79606
0.19177
-0.19588
-0.01393
0.37499
-0.1502
0.68316
-0.2478
-0.59395
-0.61002
0.36595
-1.01373
-1.63741
-0.2355
2.6327
-0.3138
-0.40152
-1.46475
-0.54264
-0.53564
-0.42081
-0.95907
0.63845
-0.19024
-0.36962
0.73235
-1.13409
0.08242
-0.19238
-0.31947
-0.01728
0.72047
0.25875
0.40939
-0.09741
-1.00626
1.53288
1.89926
0.32311
0.32905
1.18725
0.0459
1.22362
-0.0638
1.15119
-0.52415
-0.17823
0.64632
0.23608
0.62381
1.06072
0.64418
0.54573
0.39902
-1.07601
-0.44303
-1.51801
1.97765
0.00657
-0.61945
1.04297
2.05591
-0.79616
0.66438
-0.07163
1.77812
-1.22371
-0.02363
-1.04111
0.19781
0.43917
-0.36313
-2.61344
1.17844
0.50489
0.79943
2.48662
-0.6323
0.58803
0.01897
0.33661
-1.64237
0.90903
