-1.20306
-1.43302
-1.54544
-1.02869
1.63288
-0.73599
1.3298
-0.98065
-0.75712
1.89069
0.50254
-0.75954
0.36902
0.29485
-1.527
-0.12394
0.4001
0.30847
1.03151
0.39392
0.32013
-0.01994
0.69528
0.49322
0.2904
-1.311
0.18562
-1.5928
-1.2331
0.29582
1.25668
-0.26569
0.78654
-0.69356
0.75368
0.24054
0.05547
-0.44373
-1.51413
0.30658
0.06961
2.0764
-0.62061
-1.12997
-0.3049
-0.93052
0.99221
0.32636
-0.72928
-0.44939
-0.48462
1.02831
-0.01345
2.78732
-0.44014
1.70567
-0.38972
-0.08954
-0.03343
-0.3324
-1.62269
-0.62322
1.72882
0.44264
0.11911
1.29263
-0.50845
0.96113
-0.77925
0.40615
1.06697
0.32671
0.36145
-0.18371
-1.98601
-0.04214
0.18073
2.5694
2.75416
-1.40296
-0.82471
1.99277
0.6784
0.04676
-1.52675
-1.67907
1.27139
-1.11509
1.83867
0.86551
0.86022
1.79184
0.92959
2.79065
-0.28945
0.84447
0.10601
-0.13142
-1.45786
-0.00938
