0.16446
-0.05303
0.44159
1.4716
-0.32991
0.20239
-1.52253
-1.07325
-1.1744
0.65047
-1.45396
-0.42946
-1.38471
-0.3486
-0.70695
-1.07868
-1.70207
0.46953
-0.20059
-0.64186
1.3445
-1.73379
0.41601
-1.30197
0.76539
0.45696
0.24197
1.17384
1.09426
0.07257
-0.82809
-0.95241
-0.76032
-0.82813
-1.41276
-0.53695
-0.89468
-0.73067
-0.94302
1.16201
0.72444
-0.56293
-1.02936
1.437
0.08233
-0.80939
-0.21374
-1.3679
1.73799
0.9289
0.01339
0.40063
1.67376
-2.51817
-0.5591
0.67096
-0.53732
-2.06374
-0.31328
0.9074
-0.2211
-0.19602
-0.22029
0.67209
2.37948
-1.33886
-0.43747
-0.28532
-0.93449
-0.27171
1.28867
-0.47362
-1.31834
-1.15806
-0.18458
0.77303
0.47625
0.23632
-0.52675
-0.63098
-0.92448
-0.17624
0.00291
-0.87349
1.42349
0.00935
-0.685
0.29065
0.14332
0.14049
-0.21872
1.1371
-1.51028
0.45291
0.76163
1.73888
1.93725
-2.66102
-1.00212
0.24388
