-0.94047
-0.19791
-0.05284
0.09326
-0.39075
2.59925
-0.6825
-0.23709
0.3562
0.59141
-1.15975
0.82042
-0.11695
0.23206
0.53213
1.96385
0.29255
-0.64934
0.32724
-0.10328
-1.2985
-0.9732
-1.16271
1.04663
-0.46339
0.09423
-1.14891
2.25215
-1.91663
-0.69468
0.3934
0.50103
0.08587
0.26235
-0.12909
0.13944
-1.13096
1.85384
0.60467
1.2566
0.38656
-0.65723
1.17661
0.69508
0.3623
-0.2394
1.27666
1.28906
-1.41269
0.47678
-0.36063
0.67635
0.48903
1.1709
-0.29548
1.46582
1.87504
-1.51492
-0.94618
0.05176
0.41351
-1.34038
0.06809
0.44502
0.38943
-1.71837
0.49335
-0.89422
-0.4414
0.91586
2.03814
-0.9977
1.00362
0.48276
1.91589
-0.0845
-0.34995
0.48878
-0.11754
-1.0406
-0.33335
-1.55388
-0.22418
0.3189
1.00473
-0.18127
0.03787
-0.92883
-0.79692
-0.74306
-0.23365
1.60059
1.33409
2.24596
1.34315
0.16986
0.07659
0.40834
-1.09766
0.99951
