0.00687
-0.53036
-0.60606
-1.37
0.32363
-1.48602
1.15397
-0.51298
1.00244
-1.18653
-0.60894
-0.63736
-1.68077
-0.95101
0.0447
0.94696
-0.1155
2.24146
-0.35017
-0.73363
-1.44819
0.24517
-0.13895
-0.69663
1.10532
-1.00155
-1.69217
-0.92552
-0.29199
0.49704
-1.60873
-0.46628
0.21625
1.61707
-0.27022
-0.47808
0.73785
-0.82087
0.6032
0.7306
1.20978
0.55643
-1.2379
0.17943
1.77225
-0.58898
-0.60011
1.36305
-0.17898
-0.69435
0.06967
-0.05802
0.73498
-1.91174
-0.71087
-1.69849
0.85074
-0.49703
-0.44029
0.37725
0.10176
1.01213
0.752
-0.08912
0.46096
-0.94107
-0.92765
0.36768
-1.02475
-0.82936
-1.69422
-0.42326
-0.21893
0.87056
0.04803
0.67149
1.88774
-0.27756
-0.10119
1.59053
-0.59138
0.65255
-1.88893
-0.28618
-0.19789
-1.26164
-0.19972
0.98323
-1.11415
0.31233
-1.19615
-0.54551
1.04917
0.24803
0.18162
-0.03115
0.79581
-0.60954
-0.06579
-0.13182
