0.73937
0.08516
-0.19812
-0.43376
-0.49683
-0.89093
0.03683
0.98177
0.9316
2.50924
-1.01308
-0.91787
0.88826
1.73851
1.01953
0.47467
0.39759
-0.17729
-0.93285
1.62598
-1.29912
0.83685
-0.32373
-0.46314
0.4288
-0.7814
0.4056
-0.7065
0.1307
-1.73485
0.45157
-0.13779
-1.08645
1.93844
0.28365
0.68826
-0.90885
0.34502
0.11244
1.43023
0.49206
-1.88524
-0.69524
1.8758
1.03704
-0.50828
1.86643
-0.22113
2.56864
-0.84091
-0.02198
0.18605
2.31801
1.16172
-1.36545
0.19005
-1.13299
-0.02209
-1.35449
1.08635
0.76865
-0.62683
-0.57622
-0.6292
-1.76578
0.26741
0.91061
-0.24847
0.22053
-0.48702
1.01131
-0.69195
2.15889
-0.37191
0.2538
1.05669
-0.74912
-0.14737
0.42438
-0.07808
-1.6766
-0.16062
-1.19357
0.75554
1.74975
0.07059
-1.32901
0.29168
-0.20735
-1.66312
-0.04355
-0.60157
0.32786
0.88274
-1.77867
-1.2022
-0.72919
-0.37181
0.21957
-0.7239
