-1.01635
0.25233
1.07223
0.52026
0.9467
-0.34286
-1.04569
-0.41752
0.19257
1.46968
-1.21722
-0.54038
-0.65837
1.19204
0.28852
1.37732
-0.77857
0.85296
0.80286
0.57432
-1.16685
0.06164
-1.52468
-0.60758
0.02342
0.72072
0.15924
-0.39914
0.48097
-0.52872
-0.67841
0.19233
-0.76202
0.19955
0.70617
-1.24456
-0.51915
1.37935
1.80192
-0.38295
0.26856
-0.83436
-0.48738
0.20363
1.39329
-0.46239
-2.21097
-1.24974
0.00746
2.25068
-0.1758
-0.34924
-0.43415
-0.04524
-0.23823
1.43973
-2.16176
0.95526
-0.00379
1.57577
1.86576
1.56617
0.52506
0.56643
0.56477
-2.19414
-0.14128
-1.49479
-1.0703
0.50673
-0.9904
-0.2128
0.85129
-0.29122
0.25581
-1.4765
-0.22419
2.63189
-0.45999
0.16476
0.1613
0.85525
-1.07412
0.00672
-0.00213
1.77455
2.72202
0.58588
-1.21478
0.65059
1.61358
0.39142
-0.77622
-0.13961
1.14146
-1.08062
0.32499
-0.00521
-0.16231
0.12558
