-0.5402
-0.67181
-1.01995
0.63861
0.49543
-1.65614
-3.07326
-0.1522
0.873
0.32701
-0.1661
0.71373
-1.75091
0.65511
-0.90429
0.89715
-1.77233
0.75648
0.98413
0.80254
0.23879
0.45829
-0.78214
0.57834
-0.27452
0.23205
1.25841
-0.58489
-1.27651
0.12182
-1.03867
2.71687
-0.01063
-1.03229
1.19631
-1.23527
0.96013
-0.99358
-0.42525
1.53362
-0.80393
0.1912
-0.0137
0.99389
-0.06473
-1.0884
-1.24163
-0.49788
1.63047
0.84192
1.21606
1.03362
0.21079
-1.8585
-0.48442
-0.77172
1.1284
-0.20569
1.05437
1.19016
1.24553
2.19924
-0.98407
-0.30297
-0.5597
-0.30754
-0.03214
-0.66282
1.13692
-0.09534
-0.20154
0.8876
-1.01409
0.46841
0.28952
1.48117
1.29987
-1.31021
0.95646
-1.18285
-1.15843
0.70909
-1.60918
0.82826
-0.21307
0.29881
-1.37694
-1.62209
0.86891
3.54185
0.16896
0.43034
0.60071
0.69369
-0.00345
1.74304
-1.0985
0.06887
-0.42674
-0.95076
