1.44192
-0.22773
0.94497
-1.19028
2.24611
1.43618
0.8404
0.29482
0.90693
1.44537
1.23207
-1.60285
-0.31725
1.21826
1.55572
0.09337
0.24808
0.76122
1.09971
-0.32887
-0.3493
-0.13751
0.30833
1.01183
0.73904
1.16044
-0.56769
0.45119
-1.96582
0.39916
0.01301
-1.71269
1.10331
0.6609
-0.9282
-0.20847
-1.11795
0.06774
-0.09882
0.42623
-0.65444
0.61688
-0.33035
0.05762
0.06546
0.26183
-1.86909
-1.48007
1.18376
-0.16664
-0.41322
-0.62395
-0.23718
-1.307
-0.3387
-0.43388
0.18063
1.40315
-0.03065
0.38065
-0.04053
0.28556
-0.63972
0.93841
1.86999
1.0123
1.56293
-1.80409
0.0186
0.98216
0.33376
-0.11134
-1.53022
-0.44637
0.19362
0.61659
-0.42062
-0.22303
1.32309
0.5388
-0.13003
1.37408
2.19618
0.95639
-1.94776
-0.29375
0.07531
-0.96284
0.80103
0.23269
-0.65369
-1.09818
0.68153
-0.41828
0.89719
0.28585
0.07522
0.75273
0.28504
-0.02173
