-2.2527
-0.38756
1.22673
1.68114
-0.47141
-0.5442
-0.54896
-1.29134
-0.98769
0.64839
0.00913
-0.31677
-0.96946
-0.34402
-1.61923
1.78801
1.34107
0.58205
-1.13602
-0.4571
-0.24434
-0.55985
0.46142
0.26931
0.86637
-0.29326
0.33517
1.08915
-0.26473
1.975
-0.48918
0.4544
1.9457
1.35231
0.39865
0.41793
1.29566
0.77745
-0.00729
2.44863
1.28525
-0.04604
1.76187
-0.46468
-0.28185
0.34206
-0.05191
-0.42601
-0.86823
1.21176
-1.44283
1.12825
-0.44776
-2.22856
-0.47523
-1.27126
1.06913
0.13707
0.78549
-0.23461
-0.67847
-2.52293
-0.1544
-0.45287
0.25588
-0.67835
1.47751
1.15736
0.05226
1.92171
-1.30295
0.55744
-2.07566
0.83432
0.53557
-1.88422
-1.67667
-1.53315
-0.31021
0.68975
-1.02944
-0.56392
-1.38648
-2.94921
1.46484
0.93524
-0.65322
1.03373
0.71577
-0.84718
1.01434
-0.08433
0.96322
-0.48336
0.51181
-0.77524
-1.63785
-2.80478
1.84294
0.18869
