0.11118
-2.42761
-0.28227
-0.25338
0.32094
0.49521
0.85742
1.62026
0.90606
-1.11564
0.63783
1.058
-0.18237
0.38928
2.04223
0.33468
-0.06054
0.71236
-0.65911
-0.24317
-2.46201
-0.25436
0.70084
0.63862
1.29646
0.44785
0.29287
0.15293
-1.24619
-0.60707
-0.28596
1.33072
0.054
0.55452
-0.2396
-1.00268
0.53729
0.46227
-0.46392
1.19982
0.29416
0.65249
1.44736
1.28616
-0.47098
-1.64781
-0.33295
-0.98325
-0.31321
1.7411
0.10842
1.29358
-0.4482
0.01892
-0.01583
-1.49271
2.21578
-0.279
-0.45167
1.02857
-0.65411
-1.66184
0.49993
-1.06566
-1.50402
0.1047
0.14508
0.88372
0.18576
-0.11022
-1.07722
0.10536
-1.66141
-0.64425
0.80477
0.48578
-0.1426
-0.44861
0.41959
-0.08661
-0.74694
-0.2364
-1.13299
2.83677
-0.51568
-0.67899
0.18533
-1.73112
1.40583
1.14871
0.74734
0.8644
-0.48015
-1.14567
0.95451
-1.92481
0.14321
0.08892
0.62653
-0.89777
