0.13316
1.36705
0.18994
0.0847
-0.40813
-0.89813
-0.4474
0.71742
0.58149
-0.77621
0.40304
0.23961
1.55895
0.22066
-0.01383
0.58526
-0.14103
0.18578
-0.54112
1.33658
0.35926
-1.50761
1.08195
0.53332
1.25591
-0.7507
-0.24677
0.50389
0.07378
0.25009
-0.37377
0.60123
0.08257
0.40822
-0.02091
0.79932
1.33063
0.72114
2.35186
0.86277
0.92932
0.26402
0.95316
-0.2789
-0.83583
0.7335
0.33909
0.29057
0.73903
0.23325
1.86344
0.99193
-0.04742
0.12344
0.43069
-0.96974
1.51061
1.80417
0.0188
-1.40012
0.13405
0.71994
-0.59369
0.76831
0.48361
-0.03816
-0.35958
0.79027
-0.95597
-1.15027
1.11535
1.28142
-0.74472
0.37561
-1.46882
-0.02973
1.96709
0.71908
-0.82456
-0.3787
0.9349
0.29823
-1.83599
-0.51953
1.06259
-1.08144
-0.80539
1.83914
1.10142
-0.77451
0.77752
-0.41233
-1.15039
0.86269
0.11674
0.0453
0.75565
-0.58754
-0.19162
-0.44728
