-1.19184
1.48332
0.22367
-0.29412
-0.7508
0.65993
1.74731
1.05367
0.41848
1.27355
1.18397
-0.29231
0.21026
0.1938
-0.47579
-1.44987
0.44576
1.26879
-0.85775
1.03154
1.11814
0.49804
-0.72153
0.8374
0.621
0.52358
1.21225
-0.50008
0.77067
0.08133
-0.11452
-0.58468
0.55499
0.60108
-0.55589
0.65331
1.15367
0.03339
0.57625
-0.74537
-1.3781
1.8998
-0.00169
0.05388
0.98531
-0.442
-0.26618
1.22833
-1.60809
-1.13897
0.25421
1.18959
-0.12377
-1.49599
0.63625
-1.83599
-0.59974
-0.3954
0.35948
1.46192
0.63479
-0.01023
-0.52963
-0.65798
1.15309
-2.04214
1.35449
0.47343
-0.09031
-0.01621
-1.833
-0.94668
-0.04695
-0.66655
0.30361
-0.39224
-0.97937
-1.07752
-0.66158
-0.01968
1.51546
2.43519
0.564
-0.82856
-1.00946
-0.54834
0.01389
-0.68666
2.14701
0.25146
-1.69298
0.68199
0.3151
0.83236
-0.73854
-0.13553
-0.33789
-0.04472
1.10945
0.04813
