0.44585
0.37858
0.3972
-0.04373
2.67289
1.31461
0.28222
-0.2731
-0.28829
0.34249
1.00526
0.16571
0.31478
-1.25263
0.53038
-0.85276
-1.01028
-0.057
0.48139
-2.07508
2.30919
0.80592
-1.22637
-0.87874
-1.55627
-0.1673
0.74378
-0.51911
1.46949
-0.47308
-1.08737
2.18884
0.98964
1.43809
0.59697
1.03456
-2.10262
0.57893
-0.70248
-1.77516
-1.05008
0.79905
-0.61957
-0.22657
-0.34823
2.6719
-0.36719
1.45532
-1.01257
-0.89133
-0.82573
0.53483
1.39715
-0.66027
-1.08298
0.28717
1.0273
2.38169
-0.56721
-0.239
-0.82955
0.44164
-1.46773
1.69136
1.50242
-0.45673
-0.48432
-0.82155
-0.10815
-0.6281
-0.4359
-1.04049
-0.33542
0.07853
1.71222
1.6862
-2.23826
-1.77286
-0.06137
-0.24015
0.08517
0.16982
-0.57466
-0.00236
0.04531
0.81382
0.23673
-1.49182
-2.05103
0.62457
0.84607
0.54789
1.39372
-0.21719
-1.35394
0.26107
0.35494
0.10861
-0.12706
0.83048
