-0.86703
-0.25338
2.61511
1.48132
-0.83063
0.25016
-0.25607
0.60613
-0.48039
-1.14981
-0.41639
-0.28185
0.68787
-0.35021
-0.52818
-0.3586
-0.24697
0.97651
-0.67316
1.49852
-0.70449
-0.04305
0.02457
-1.64927
0.46633
1.12767
-0.17604
-1.39659
0.27604
-2.02576
-0.03762
0.9298
-0.81055
-0.33175
-1.82405
0.29836
0.94978
1.29045
-0.73557
-0.59741
-1.21437
0.40657
0.4831
0.52758
2.24445
-0.12292
-0.02131
-0.28737
-0.33215
-1.85604
-1.36808
0.7273
0.31713
0.26111
0.6905
1.08945
-0.23464
1.81276
0.03702
-1.52513
-0.87389
-1.43898
0.07185
-1.19312
-0.60499
0.15721
0.17397
-0.22499
1.60824
-1.03726
0.99148
-0.00184
-0.18803
-1.2345
0.36259
3.21174
-1.31232
0.61465
0.25672
-0.01429
1.43312
-1.86557
-0.29632
1.69472
-0.5347
-0.74008
1.47906
-1.80576
-0.50531
0.56736
0.66277
-0.49963
-0.77563
-2.03265
0.15117
-0.48962
-0.95578
0.20024
0.02503
1.98944
