0.12533
0.34174
-0.26453
-0.13908
-0.31273
-0.21479
-0.59797
-0.08224
1.17934
0.11251
-0.3731
1.37943
0.82611
-0.12393
-0.62635
2.10987
2.10038
-1.45635
-0.67324
-0.5629
-3.21619
-0.26057
-0.29395
-0.63787
-0.13313
-2.14256
-0.70229
-0.78256
0.18223
0.94118
0.02156
1.03057
-0.45401
-0.49372
-0.36282
0.44907
0.24173
1.56567
-1.25723
-1.53153
0.42284
-0.76897
1.69873
-1.61524
-0.38269
0.95752
-0.14451
-0.6599
-1.90325
-1.36405
0.07927
1.05338
0.33514
0.07837
-1.69501
-0.38177
1.3107
0.85286
-0.66298
-0.19604
-0.57818
-1.9108
-0.18034
1.43436
0.52922
-1.17922
0.1583
-0.27613
0.94646
2.06366
0.04079
0.18462
0.5506
0.21426
-1.16908
-1.36905
0.11635
0.2821
-0.5451
-1.60055
-0.17622
-1.45917
0.62275
0.36773
0.60158
0.8193
0.0111
-0.50258
-1.07708
0.12443
0.62972
-0.26904
-1.45336
-0.73846
-1.01997
-0.59639
1.07745
-0.55324
0.16723
1.11065
