-0.65554
2.54147
2.61704
0.76156
0.27425
-1.16842
-0.31515
1.40721
1.72712
-1.4202
-0.76722
0.24127
0.48135
0.52467
-1.32337
0.70868
-0.64185
-0.96849
0.47929
-0.91
0.20684
-1.56777
1.09031
-0.67927
0.20394
0.20195
1.01372
0.70404
-1.38715
0.45668
-1.5955
0.04156
-0.26712
-1.18662
0.3503
0.84023
0.12535
-0.65302
1.31884
-0.00418
1.40678
-1.37034
0.95882
1.83409
-0.94853
0.2033
1.03868
-1.27135
0.60223
-0.89553
0.74483
0.27272
0.62728
0.04032
1.62385
-0.04867
2.01749
1.67011
-0.33901
-0.9073
-0.94431
0.45071
-0.81424
-0.60582
0.61074
1.55096
-0.88917
-0.33184
0.49659
2.22117
1.82464
-1.28164
2.4503
-0.97366
-1.82683
-0.31754
1.39652
-1.92082
0.308
0.80478
-1.15117
1.15057
-1.28953
-1.17036
0.41724
0.95754
-0.43122
1.62089
-1.74273
0.63981
-0.18779
-0.88269
-0.52821
0.28721
1.06038
-0.6185
0.44974
-0.9739
0.49458
1.86951
