-0.16355
-0.34098
1.407
-0.03462
-0.46137
-0.95709
-0.87382
-0.26525
-1.09502
-0.1622
-1.98793
-0.48784
0.38577
-1.82215
-0.27951
2.20673
-0.2931
0.8622
0.53421
0.45204
0.48219
1.54862
1.64368
0.21245
0.47883
1.2899
0.36899
-1.4299
-0.82801
0.83903
0.72217
0.60199
-0.89545
-0.06768
0.01724
-0.20314
1.47027
0.14028
-1.44183
0.13811
-2.92387
1.04142
-1.06285
-0.71206
-0.43531
1.14566
1.48375
-0.92662
0.95408
-0.86419
1.43326
1.88382
1.90659
0.37825
-1.39555
-0.83952
0.08988
-0.10893
-2.01882
0.98745
-0.33639
-0.56661
-0.81909
-1.43601
0.63466
0.38487
0.27107
0.12143
0.09642
-0.32434
0.89265
1.60527
2.20051
-0.41218
-2.71915
1.2047
0.26812
-0.91826
0.85222
0.9881
-0.79678
0.4775
-0.44566
-1.60013
-0.8128
-1.57538
0.21265
-0.86166
-0.19991
0.76179
1.83359
-1.72868
-1.44983
-0.07298
1.43084
-0.39752
1.51321
-0.05484
-0.9815
-0.83111
