0.32931
-0.19565
0.109
-0.65675
-0.09752
-0.1188
-2.50539
0.1281
0.94787
-0.05081
-1.06127
0.43487
0.56168
-0.89265
0.82357
0.7923
0.04418
-0.2159
-1.3928
-0.61053
0.45685
1.03076
-1.75253
1.88573
0.24508
-0.29349
2.30765
-0.62853
-0.5705
-0.8984
0.83808
0.66393
-1.42924
-0.90999
-1.98252
0.73544
1.40731
1.14692
-0.55999
0.08623
-0.10486
-0.672
0.49317
-1.3005
-0.90653
-1.43021
1.19591
-1.44327
0.20901
1.12459
-0.04608
1.1842
-0.16729
0.36925
1.27328
-0.78112
-0.02429
-0.32964
0.46831
0.69353
-0.02815
-0.25413
0.23509
-0.63315
0.19105
0.60809
-0.13295
-0.54636
0.91054
-0.28211
0.50553
-0.88172
-1.08393
-0.63769
0.82994
-0.03045
-0.96551
0.23933
-1.02673
-0.69758
0.45765
0.79244
-2.0059
-0.78176
-0.61706
1.92008
-0.37802
0.12093
-0.79627
0.12893
0.21526
-0.93189
1.63203
-1.27577
0.70893
-2.36695
-0.28106
0.87313
-0.89033
0.23687
