1.77553
0.45794
-0.58621
-0.33007
0.4883
0.14906
-0.02006
1.52842
0.70484
0.04536
1.1712
-0.0938
-1.00837
-2.43944
-0.19113
1.69526
-1.43164
-0.42824
0.11298
-1.08334
-1.27906
-0.43873
0.80042
-0.01192
-0.83022
-0.51506
-0.6915
0.84431
0.75673
-1.48997
-0.21851
0.68207
1.05299
-0.54161
0.2641
-0.44948
-1.83591
0.32141
0.08047
1.11327
0.97359
-1.05655
0.27742
0.09185
0.46584
0.04755
1.51327
-1.29845
0.44002
-0.06634
-0.9577
1.85388
-0.97959
0.72983
0.53301
0.57806
-1.77322
0.45593
-0.64162
-0.34077
-1.06374
1.45954
-0.62901
1.19554
1.17321
0.51388
0.67046
0.2951
0.31303
1.06173
-0.08338
1.64785
0.65179
-0.64072
0.91991
-0.37325
0.35962
-0.43313
0.13041
0.66678
-0.01896
-0.02757
-0.47652
-0.62777
0.33854
-0.17018
0.4293
-0.56353
0.48591
0.63671
-1.41904
0.18301
-0.5398
0.22708
-0.26859
0.46919
-0.48933
1.52505
-0.92603
-0.61484
