0.85244
-0.21596
1.41899
1.09992
0.53657
-0.87015
-0.00534
-0.29048
1.09868
-0.66313
-0.48102
2.03952
0.33622
-0.69373
-0.64401
1.56032
-0.21888
-0.69343
0.82058
-0.89327
-0.82923
-1.13167
0.11469
0.9415
-1.11611
1.58635
-0.60255
1.41813
-0.96478
0.27245
-0.63692
0.01169
-0.55806
3.08827
-0.96595
-0.42372
-0.45919
0.00174
0.43622
0.49987
0.59571
0.56968
-1.20553
0.0251
-1.52091
0.0173
-0.60855
0.70962
0.8351
-0.68318
-0.09601
-0.77156
0.08599
0.51422
-0.12255
-2.89216
-2.02172
-0.2072
0.93971
-2.27029
1.83487
-0.2734
0.84603
1.12817
1.66399
-0.04301
-1.89189
-1.45556
-0.71947
0.86366
-0.34202
-0.65065
0.81528
0.82727
1.18818
-1.28124
2.1041
-0.46933
0.33609
1.52426
-0.16178
0.40748
2.14668
-0.08535
1.13709
2.13745
-0.00482
0.40766
-2.94357
0.66955
0.85089
-0.45852
0.11656
-0.44195
0.00029
-0.05486
-2.52059
0.97622
0.50111
1.22053
