0.99589
-1.79519
-0.08518
0.46615
-0.10959
0.12986
0.64585
-0.85631
-0.58574
0.19257
-0.19812
-0.59446
0.29216
0.55799
-0.02913
-0.43992
0.68566
0.19083
0.40843
1.47932
-0.03368
0.02961
-0.62599
0.65999
0.69717
1.69283
1.02565
0.26278
0.48316
0.75291
0.53895
-0.44126
1.51375
-0.35627
3.26411
0.46372
-0.82035
-0.58011
1.77263
0.12846
0.72704
0.0715
0.03169
0.30568
-0.42556
-1.35622
-0.22863
-0.02288
0.63296
1.75901
-0.11069
0.14386
0.11082
0.6076
0.34647
1.13866
0.17008
0.39108
0.79497
0.67092
-0.40082
0.57933
0.46712
-1.02923
0.56134
-1.31915
1.56632
0.554
-0.17541
-0.64766
-0.41399
0.83631
-0.01294
1.22555
-0.49999
1.27971
-0.32547
-0.391
0.87453
0.51662
0.46709
-1.61056
1.72595
-0.00149
1.6826
-1.37963
-0.61395
-0.60072
-0.83112
0.83313
-0.66151
-0.16249
0.27212
1.29936
0.55733
-0.42292
-0.65693
-2.36244
-0.90045
1.73539
