-0.92817
1.87109
0.66733
0.37187
-0.65023
0.7188
-0.60669
-0.43188
0.74299
-0.86539
0.72834
0.56104
1.05361
-2.14671
-0.32741
-0.8622
0.56299
-0.2371
0.71945
-1.16998
0.86628
-0.08964
-1.30179
0.43765
-2.15892
-0.20135
-0.88855
0.35954
0.5804
0.43445
-0.92772
-2.41151
-0.44901
1.32073
-0.56134
-0.32266
0.38428
-1.57694
0.03116
-2.01483
0.84312
-0.26932
-1.45493
0.9072
1.45937
-0.53325
-0.70901
-1.43481
-0.87147
1.79937
-2.11506
0.01678
1.31447
-0.43814
-1.10122
-1.74672
0.27314
0.31022
-0.75742
-0.89684
1.85223
0.78135
0.01298
0.13169
-3.20808
-0.48995
-1.38222
-0.37494
0.40643
-0.5389
0.73032
-1.46552
-0.48834
2.09367
-0.36729
0.20753
0.18031
-1.06501
1.57403
-1.80344
0.19768
-0.07248
-1.31964
0.2713
-0.08969
-2.49178
-1.12934
-0.14571
1.33899
-0.39709
0.0298
-0.38939
1.23024
-0.27933
-0.19917
1.19541
-0.74454
-0.21912
-0.63755
1.45426
