-0.88674
-0.24222
-1.20976
-1.10671
0.59634
-0.5407
0.97558
-0.41012
-0.9586
1.23475
-0.52337
-2.68251
-0.41763
0.06062
0.33062
3.13073
1.46033
-1.15527
0.9124
0.34641
-1.45417
-3.23535
-0.12468
0.24155
-0.32448
-1.24964
-2.18799
0.26179
1.62972
0.03649
-0.25302
1.30244
0.07373
-0.68011
0.86346
-0.37691
0.63215
1.21297
1.55512
-0.88028
-0.71182
0.78893
-0.23429
-0.80678
0.72383
0.41586
0.89288
-0.01953
1.41683
-0.59674
-0.40893
0.88432
0.09578
-0.49758
-1.17241
-1.06429
-0.08237
-2.13329
1.28132
0.71365
0.31362
-0.6314
1.77202
0.01454
-2.09677
0.5105
-0.6489
1.50179
0.81354
-1.10798
-2.14527
0.10134
0.47865
-0.85498
2.08162
-1.4639
-0.44374
0.14425
0.71958
-0.18613
-0.44798
0.38238
-0.35866
0.82884
-1.38271
1.29962
-0.46621
-0.27673
-0.6169
0.29923
0.18879
1.35864
0.32298
1.02457
-0.08223
-0.96703
-0.03441
0.90622
-0.22785
-0.93793
