-0.47064
-0.43549
-1.12064
0.19373
0.91283
-0.1024
-1.5141
-0.7749
0.49732
-0.82905
0.78555
-0.46888
-0.11555
-0.4164
-0.33549
-1.5397
0.62934
0.5688
-0.16618
-0.47718
0.32141
-1.24593
-0.13887
-0.65627
-0.04506
0.62446
1.20652
-0.01584
1.17946
0.06529
1.02372
-0.57326
-0.30352
-0.26993
0.2364
2.7252
-0.76091
-1.70836
0.63551
0.7255
-1.93362
1.06782
-1.53232
1.81034
-0.73061
1.32634
0.05876
0.6929
0.06461
0.32578
-0.86401
0.54911
-0.09985
0.31086
1.29382
-1.15672
2.53227
0.52431
-0.49736
0.43046
-1.75192
0.65025
1.24862
1.41129
1.66592
-0.44608
0.05028
-1.04031
0.13433
0.29999
0.44014
0.60113
-0.61724
-0.04289
-0.88656
-0.27937
-0.90073
0.10023
-0.01889
-0.24634
-0.00948
-0.97897
0.02655
-0.57966
-1.09918
0.74831
0.72059
-1.29343
-0.38239
0.66137
-0.40596
0.55862
0.45155
0.67527
-0.48493
-0.03682
1.95629
-0.82732
1.00877
-0.8877
