0.23764
0.87024
1.31535
0.01049
-0.70614
0.1818
-0.05673
-2.44556
-0.13862
-0.37375
0.22062
0.21255
-0.98171
-0.16211
1.64504
0.30714
1.37616
1.45849
0.43344
-0.48958
0.6441
-0.18561
0.87202
-0.7434
1.59186
0.22284
-0.34492
2.33117
0.80602
0.27392
0.46139
1.47254
0.58651
1.6193
-0.01677
-0.4409
-0.25446
-0.99042
1.33897
0.34879
-1.25862
-0.14187
0.52784
0.1014
0.88259
-0.51638
-0.03896
-1.46003
0.04532
-0.87475
-0.69625
-0.56432
2.29099
-1.14974
0.52461
-0.4008
1.08425
-1.44136
0.56828
1.81122
-0.51769
-0.5651
1.39038
-0.30967
0.12469
0.49178
0.10422
-0.05794
-1.06075
0.96335
0.70434
-0.63888
0.72512
-0.00722
0.58001
0.04181
-0.41218
-0.29404
1.519
0.21989
0.23416
0.77875
0.43392
-0.09428
0.30709
0.31776
-0.37283
-0.85374
0.53994
-0.5852
0.2761
-1.29997
-0.18952
-0.11402
0.67494
0.38008
-0.12946
2.16535
-2.17647
-0.89476
