1.09703
-0.04676
-0.00729
-0.6205
0.19689
0.73807
0.17607
0.18462
1.20524
-0.32462
-0.36331
0.52083
-0.83608
-0.40514
-0.34945
-2.31057
-0.99891
0.50052
0.8249
1.16352
2.12498
-0.50594
-0.37616
-0.57393
0.86132
0.92115
2.13099
1.1264
0.2619
-0.10073
-0.33175
0.69996
1.01761
0.47652
0.15756
0.72764
-1.51219
-1.43573
0.88504
-1.99194
1.48023
0.62736
3.10886
0.8472
0.31648
-0.75503
-1.1575
-0.51438
-1.07457
0.86861
-1.32641
-0.69816
0.08913
-1.76873
-0.3915
0.23871
0.16957
-1.69634
-1.14912
1.28759
1.044
1.03476
-0.06809
-1.9593
0.1221
0.02809
0.65098
-0.02186
0.0686
-0.50168
0.64843
-0.48285
0.38644
-1.14251
1.53002
-0.0751
-0.79338
0.05438
-0.428
-0.69022
1.89008
0.2573
1.04376
0.29655
-0.28133
-2.17265
0.77944
-1.40681
0.19051
0.73982
-0.52487
-2.10152
-2.31972
-0.30255
-1.01344
-0.48786
-0.76841
0.28584
0.61521
0.16294
