1.08352
0.65263
-0.10235
-1.52987
1.21215
0.42025
-1.46152
-2.07494
1.1306
0.5237
-1.85788
0.1788
-0.50901
1.55895
0.47087
1.54193
-1.55602
-0.75355
1.14596
0.014
-0.78309
0.26954
-1.75049
-0.58459
-0.03768
2.66019
-1.47385
-0.40714
0.00257
0.08455
0.59757
-0.80187
0.86402
0.47868
-1.24848
0.29186
-0.06314
1.4922
0.00808
-0.85325
-0.56508
1.87192
-0.48378
1.17862
-0.91958
0.25018
0.62652
1.0301
-0.83116
-1.68741
0.10053
0.4846
-0.73668
-1.19051
0.29156
0.31622
-0.73663
-0.10694
0.50267
1.01676
0.93332
0.85263
-0.13672
-1.09512
2.18853
1.20397
0.85615
0.74731
-1.2962
1.50848
-0.43286
1.36094
0.88065
0.47085
-1.48835
0.96266
-0.8603
-0.94744
-2.05468
0.27222
0.06333
1.32325
0.61169
-0.40348
0.82578
-0.56921
-0.13749
0.24162
-0.53674
1.97321
-1.26949
-1.32633
0.92183
2.04477
1.55262
0.24052
-0.38046
-0.86247
-0.6262
-1.35549
