-1.87023
0.39266
-0.43175
0.32912
-0.33369
-1.05006
1.16649
0.2869
1.25863
-0.12517
1.25642
0.66678
0.3437
-0.66577
0.63593
1.67061
0.97605
-0.14118
-0.0361
0.04833
1.16795
-3.14607
-1.20315
1.19197
0.8492
-0.1253
-1.20914
0.75921
1.24952
-0.25373
0.68155
0.16376
-0.0763
0.20428
-0.7075
0.88928
1.2409
-0.03599
0.07705
0.05622
-0.08414
0.85049
-0.34223
-0.13093
-0.17441
-0.46395
-0.65079
-1.76393
1.8808
1.51293
0.47115
0.50201
-2.80747
0.3575
0.76055
1.35809
0.07791
0.98658
1.69712
1.57209
-1.09468
0.64773
-0.87756
0.79237
1.2219
-0.12311
-0.83176
0.93036
0.48532
0.05727
0.25649
-1.30012
-1.44474
-0.86261
-0.76842
0.96287
-0.8078
-0.0791
-0.29819
-0.20711
0.79359
-1.66044
0.27501
-0.93804
0.81009
1.56071
-2.36677
0.61804
-1.02219
1.82317
0.64289
-0.08628
-0.41657
-1.68312
0.56746
-0.65956
0.64683
0.82012
-0.37849
1.19924
