0.23698
0.39641
-0.35923
0.39678
0.36246
-0.50729
-2.19195
-0.80113
-0.19687
0.97294
-1.43165
0.72475
0.5209
-0.48171
-0.31719
-0.90934
0.54889
-0.51776
0.58224
0.66425
-1.25645
-0.1428
0.36326
-1.46732
-1.75664
1.01453
0.51197
-0.48335
-1.06682
-0.56241
-0.46466
1.49581
0.85468
1.89763
1.03766
-0.64715
-1.22718
0.44303
1.73765
-0.27807
0.01979
0.89969
0.0971
-0.36987
-0.11405
-0.59931
1.34836
-1.31918
-0.42884
-0.76416
0.4586
-1.31033
-0.59236
-0.57863
-0.68998
-0.38321
-0.58915
-0.42945
0.11294
1.00793
0.73685
0.67889
-0.38317
-0.34333
-0.34103
-0.70296
0.72544
-2.34366
1.716
0.76969
-0.95712
-0.66326
1.42469
1.21736
1.35532
-0.1152
-1.1051
-0.3653
-0.04061
1.11969
0.39094
0.65724
1.11271
1.8516
1.33607
-0.02239
0.23156
-0.80903
-0.95217
-0.12473
-0.6224
0.87245
2.18386
0.54688
-0.60094
0.08596
-0.02015
-1.40588
-0.76408
-1.14947
