-0.50678
-0.42879
0.26164
0.39003
-0.64839
0.83422
0.99873
-0.15973
0.24585
0.81902
0.87973
1.4883
0.9497
-0.99136
-0.70282
0.99821
-1.4481
-0.10664
0.65388
-0.87867
-0.25091
-0.45265
-0.12217
-0.53827
1.22096
-0.73332
1.69449
0.05738
0.76694
-0.53885
0.94286
-0.76754
1.39941
-0.77047
-0.30732
-0.06793
-0.05556
-1.33314
-1.52782
-1.76434
0.64924
-0.09647
-0.47645
0.47621
1.4292
-0.68937
-0.60004
0.20488
-0.0347
2.99505
-0.35908
-0.55752
-1.99324
1.28695
-0.4071
0.12682
1.30635
-1.2931
-1.18024
-0.35491
0.75346
1.85277
1.17584
0.49145
1.30118
-0.10893
-0.63017
1.01689
0.30952
1.31207
-0.58256
2.03534
0.52394
-0.4136
-0.7224
1.17518
0.00535
-0.70103
-0.45852
1.0848
-0.35093
1.58899
0.29001
-0.67592
-2.10478
1.41028
-2.58869
1.80145
-0.26133
0.75453
0.02892
-1.35437
-1.5888
-0.32123
-0.01053
-0.89118
-1.16067
-0.68894
-0.90373
-0.17314
