-1.82359
-1.76387
0.76506
0.41255
1.15478
1.48064
-0.03491
-1.20229
1.53068
0.46007
0.23523
-0.93326
-0.73945
0.05662
-2.74905
0.32428
0.30545
-0.25159
-0.89297
-0.14833
-1.77225
0.02817
-1.0482
0.66287
1.74132
-1.61852
-0.0345
0.72408
0.56587
-0.54845
-0.08259
0.08022
-1.58696
-1.278
0.07231
0.48839
-2.75064
-0.44886
0.24517
-0.72736
0.4495
0.10109
0.52146
-0.12706
0.41849
1.69811
0.69183
-0.39089
-0.11546
-0.90229
1.17821
-0.84844
1.26327
-0.07273
0.57745
0.7753
0.59824
-1.46129
0.31104
0.37592
0.43979
-0.22482
-0.66979
1.06333
2.18919
-1.28465
-0.0271
-0.47815
-0.39028
-1.62398
0.0324
-0.31981
-0.08085
-0.14966
-1.01115
-0.65805
-0.39162
-0.40667
-0.28141
0.43108
0.61742
-0.12127
-0.90973
3.57595
0.58395
-0.21367
0.2998
-0.3348
0.00308
0.01693
0.49934
-0.36894
-0.46235
-0.40741
0.02141
1.07801
0.52369
-0.44045
2.39627
0.7051
