-1.02232
0.00888
0.12335
-0.35498
-0.2152
-0.34868
0.45445
0.78177
-0.71437
-0.90918
-0.99087
1.64044
0.95595
-0.93181
-0.09261
-1.64822
-0.50245
-0.22268
1.70953
-0.38274
-0.28097
1.53453
-0.00432
-0.20416
-0.16539
-0.90158
0.83583
1.55682
-0.25617
0.81565
-0.57983
-0.27648
0.2731
1.64146
0.56667
0.40969
2.70031
0.83996
0.76499
-1.62774
-0.63017
1.85831
-0.60366
0.28983
-0.23913
2.10346
0.26144
-0.24871
-0.15084
-0.08823
0.6679
0.06462
1.29009
0.52955
-0.31262
0.58723
1.99507
-0.03718
0.96478
0.64161
-0.15646
1.96831
-0.59978
0.1383
-0.87082
0.79155
0.23157
0.33966
-0.17944
-1.00145
-0.25527
-0.8557
0.56818
-0.30829
-0.32456
-0.06976
2.2889
0.53989
0.69411
-0.56263
-0.22731
0.00162
-0.09867
-0.78044
-1.07528
0.38477
-0.19568
-0.04528
0.536
0.00636
-0.874
0.80469
0.42894
-0.74816
0.45052
-0.02603
1.57486
0.59957
1.17196
-0.81383
