-0.11424
2.04147
-0.75303
1.22759
1.01224
-1.7898
1.31478
0.09577
-0.14114
1.01529
0.12499
0.18991
1.44358
0.31437
-0.21716
-1.02561
0.94654
1.24794
0.51397
0.47553
-0.04221
1.40602
-0.22661
0.12972
1.09314
-2.48418
0.90832
-0.55741
-0.18535
-0.58124
-0.18541
-1.0035
-0.87215
-0.84225
-0.57084
-0.10886
0.53053
-0.21575
-0.38233
-0.97067
-0.13959
0.51598
-0.87191
0.90135
0.25239
-0.27383
-1.37223
-0.04177
0.86868
0.73279
-1.3141
-2.44865
0.45931
-0.59438
-1.25009
1.29867
0.46597
-0.51124
0.76925
-0.44384
-0.1884
1.42252
0.53647
0.27845
0.35171
0.03413
-0.63499
1.04488
0.1153
-0.96846
-0.41948
0.01663
-0.6019
1.13809
-0.02174
-0.39431
0.68726
1.48371
-2.29784
0.52317
0.34458
-0.48506
0.69722
1.06522
-0.74243
0.93943
0.71124
-1.21304
0.17177
-0.42079
0.8417
0.11159
-1.15647
1.56724
0.38246
0.17441
-1.10209
-0.34746
-0.95732
0.6767
