0.22823
-0.22471
-0.44862
-0.10565
0.31086
-0.03488
-1.40433
0.94647
0.16285
0.28759
0.52517
-0.02572
0.44118
1.6034
0.46321
-0.16994
-1.74372
-0.25365
0.3688
-0.57363
-1.31409
0.64496
-1.12851
-0.49
0.49993
1.63543
-0.9494
0.56539
-0.55636
-1.41469
-0.6283
0.93764
-1.36694
-0.14221
0.44496
-0.93464
0.12537
-0.09533
-0.54769
2.35817
-0.98788
-0.10873
-0.23143
-1.88069
-0.82615
-0.59939
0.53105
2.39721
-0.40794
-1.26351
-1.91015
-0.59677
0.54577
0.31684
-0.8011
0.09288
-0.08471
0.52601
1.04961
1.06019
-0.44952
-0.64171
-0.08066
0.07203
1.28219
0.7305
-0.14411
-0.54017
-0.12483
-1.51962
1.00074
2.38955
0.27767
1.13851
-1.06659
1.40983
-0.00817
0.33928
0.02385
0.59021
1.06459
-0.6871
-0.44547
0.30251
-1.3348
1.03051
1.35527
0.89616
-0.02741
-0.40718
1.52791
0.36773
-2.23177
-0.01778
0.37813
0.49441
-0.08211
-0.32745
-0.9795
-1.8113
