-0.39346
-1.20302
1.04754
0.17359
1.89799
0.45558
-0.22532
0.13277
-1.72624
-0.03844
0.46761
1.7636
-0.47344
1.654
-0.03253
1.48825
-1.5227
-0.48913
-1.92048
-1.09139
0.05164
1.08259
-0.56435
-1.45514
-1.38312
-1.3994
0.51913
-0.06787
0.80131
0.62617
-0.40546
0.15026
1.15064
1.241
0.80024
0.68693
-1.22848
-0.3039
1.23262
-1.4373
0.44425
0.29066
-1.31716
-0.50819
-0.4481
0.1206
0.64847
-1.9216
1.06805
1.00882
-0.05808
0.42377
-0.82713
-0.72434
-0.04534
-0.22576
0.09176
0.25777
-1.35795
-1.69681
1.30364
-0.27241
1.71289
-0.08554
0.33099
1.46906
0.60364
-0.89494
-0.62296
0.40739
-0.01007
-1.44762
1.11077
-1.82828
-0.20451
0.21056
1.10455
1.0742
-2.06912
0.36993
1.57448
0.39355
-1.76626
0.52772
-2.22517
0.65326
1.36422
-0.03096
-1.45952
1.04199
0.48838
0.13048
1.78809
0.3473
0.90498
0.35635
-0.7832
0.49757
-0.09703
-0.22306
