-0.83062
0.37187
-0.21606
-0.17458
0.49673
0.61174
-1.45979
0.4724
0.18088
0.17257
0.18454
-0.34258
0.83628
-0.52092
-0.5944
-1.25368
0.40496
-0.93971
-0.09785
-0.45537
0.54158
-0.3868
-1.4976
-0.83361
-0.3757
-0.33432
-0.04601
0.21183
-0.40006
-0.88939
1.55355
0.51134
-0.27414
0.33982
-0.96902
1.74845
0.28563
1.00659
0.69197
0.51108
-0.36602
-0.56223
1.17645
-0.53838
-1.15861
1.1539
0.89412
-1.17208
-0.00561
0.40059
-0.32751
0.4737
-1.61093
-0.63001
0.77782
0.42909
-0.80957
-1.66087
-1.02786
1.49597
1.12383
-1.39933
0.55836
1.53858
-0.26016
-1.44252
-0.84586
-1.22447
0.4543
0.42555
1.80903
-0.16803
-0.77174
-0.79596
0.08329
-0.43081
-0.43451
-2.35791
1.52897
0.32964
1.22091
0.51244
-1.19428
-0.21491
-0.22896
0.82095
-0.22573
-0.04558
0.52989
-1.24338
-0.4013
1.64657
-0.73512
1.54087
-0.16179
2.00456
-0.19467
1.20095
-0.30756
-1.56151
