0.04411
0.95496
0.09268
-0.64307
0.24527
1.11289
0.6418
0.28616
0.4235
1.6767
-0.54444
1.26529
-0.18541
1.1215
0.14945
-1.01163
0.94078
-1.69587
-0.18161
1.03651
0.23621
-0.77683
0.51022
0.05016
-1.47518
0.22605
0.1103
-0.51564
-1.49108
-0.44403
-0.14718
0.69536
-0.04347
-1.06308
-1.47957
0.2427
0.83916
0.21268
-1.81838
-0.663
1.66263
-1.60065
-1.07192
-1.99251
1.04136
-0.53077
-1.05812
1.45663
0.38628
1.61702
-1.64062
0.41479
-0.02594
-0.70137
-0.21457
0.27467
0.40522
-0.55398
0.98796
0.69776
2.29537
-1.05828
0.93613
0.21027
-2.10454
-0.13277
0.17208
-0.85353
-0.26337
0.1325
-0.02454
1.39825
-2.254
0.03362
1.77424
-0.27776
0.53754
0.46638
-0.26585
-1.58975
-0.49897
-0.96482
-1.86241
0.76739
0.4813
-0.38485
-0.703
0.46449
-0.34361
1.04461
-0.14949
0.78745
-0.34496
-0.11756
-1.13498
0.16878
-0.13035
1.08352
-1.40675
0.4467
