0.34011
1.21772
0.68415
0.00126
-0.95126
2.18181
-0.75785
-0.45671
0.35782
1.05818
-0.6311
-0.00656
-0.19562
0.90648
0.0325
0.82869
0.41248
-0.12415
0.04785
0.211
-0.95747
-1.36639
-2.68568
1.448
-1.25424
0.37604
0.0539
0.88466
-0.2778
0.49626
0.32389
-1.05877
-0.10649
0.94427
0.07363
-0.89125
-0.07132
0.07761
1.47806
0.24922
0.66528
1.10849
1.0173
0.4199
-0.82986
0.47203
-2.44789
-0.18253
-0.16446
0.03696
-0.34384
0.18087
0.07232
0.41783
0.8812
-0.80722
-0.05899
0.19208
-1.44213
1.18887
-1.20976
-0.01924
0.44127
-0.86569
0.22535
-0.73168
0.68231
0.63419
0.78817
-2.22947
-0.10498
-0.07703
-0.75442
1.16881
0.29609
0.56396
0.79359
-1.31659
0.68062
0.00067
0.49209
0.1879
-1.03006
0.57092
-0.48015
1.33324
1.58056
0.90424
-0.57624
-1.9535
-0.66298
-0.72556
-1.39685
-0.50225
1.35924
1.01279
0.2557
-0.04329
-0.78883
-1.05924
