-0.39968
-0.54148
-0.40065
-0.99207
0.12327
1.59725
-0.52399
-1.7372
-0.31144
-0.92837
0.21628
0.50217
0.94781
1.34695
-1.26373
1.56678
0.98763
0.27976
1.00906
-0.64217
0.41098
-1.05004
2.3491
-0.82058
-0.63399
0.77401
-1.46748
-0.61394
-0.68749
-1.29036
1.81237
0.33918
-0.06216
0.06918
-0.07287
-0.14197
1.67057
0.33833
1.73509
-1.69625
0.6956
0.0936
1.92701
-0.01077
0.24714
0.03756
-0.36256
-0.77722
0.83441
-0.80055
-1.56127
-0.51433
-0.11406
-1.12289
0.11839
-0.00825
0.19695
-0.00986
2.39869
-1.11517
-1.88764
-0.83
1.0757
-0.20427
-0.89879
-1.4902
0.79678
-0.54138
0.76633
-0.75113
1.61487
0.89331
1.98388
-0.36439
0.0744
-0.24508
-0.72194
-0.36652
0.45438
-1.54739
-0.59552
0.89572
0.01588
0.38495
-1.44015
0.87474
0.83924
0.59494
-0.84694
0.47262
0.17848
-0.05349
-0.20698
-2.1277
0.30636
-0.09777
-1.38902
0.37959
-0.3311
0.08839
