0.59746
1.47869
-1.55033
0.32476
0.67263
1.71015
-0.93674
-0.714
-0.22683
1.03679
0.97139
-0.16911
-1.35904
0.51128
1.39111
1.78498
-0.40201
0.67761
-0.32686
0.25642
1.48714
-0.56727
0.24775
1.00339
0.00665
-0.56696
1.44683
-1.3267
-1.13715
-0.07418
-0.05755
1.2231
1.41244
-0.81016
-0.11877
0.16842
0.08448
-1.43236
-2.24664
0.0607
-0.89112
0.62393
0.64211
-1.74576
0.35525
0.08682
-0.60949
-0.26052
0.86687
-0.65358
-1.01936
-1.51122
0.13251
-0.16807
0.45608
-0.32182
0.6777
0.07424
0.44628
-0.48725
-0.25562
0.73291
-2.49318
0.72062
-0.37799
2.19367
0.5219
-1.15405
-0.05609
-0.07626
-2.23796
0.80779
-1.86901
0.29207
0.69758
-1.14189
-3.06752
0.17814
-0.21716
-2.08589
0.60396
-0.06283
-0.17694
-0.68069
-2.40467
-0.77753
1.4627
-0.68948
0.39363
0.90052
1.20839
-0.38559
1.39285
1.08424
-0.55176
-0.33987
-0.85682
-0.91263
-0.71622
-0.77013
