0.07644
0.08737
-1.15297
-1.97609
0.44613
0.7634
1.44671
1.26537
-0.33182
0.23247
-0.48509
0.55341
0.60072
1.95317
-0.3519
-0.86549
-1.09189
1.05938
-1.16569
-1.3383
-1.26253
1.0773
-0.20839
0.31477
2.81227
-0.89166
-0.77482
0.35779
-1.05584
-0.05375
-0.21638
-0.13919
0.55449
0.53108
0.61
-0.04683
0.53867
1.0591
1.17824
-0.03818
-1.49198
-0.68924
-0.69605
-0.06404
1.12324
0.87301
-0.1454
-2.18851
-1.36851
-0.85904
0.22516
-2.39968
0.24428
-0.34945
-0.19893
-0.74873
-0.5778
-0.16665
-1.36624
0.61108
-1.15226
-0.6764
-0.25384
-0.87493
0.63985
0.64999
-0.76439
0.12351
-0.17547
0.2146
0.2644
0.97968
1.82978
0.23658
-0.13913
0.79009
-0.11115
0.31975
1.35989
0.05565
-0.97035
-0.088
-0.08864
0.69031
1.27239
-0.18233
-1.33067
-0.0155
0.30801
-1.24564
0.10271
0.57138
-0.68486
-1.65918
-0.29419
0.15642
0.40762
1.08822
-0.42534
-0.42792
