0.06447
1.26087
-0.25142
-0.54929
-0.40524
0.08557
-1.09941
1.20267
0.05439
1.14652
0.54783
-0.76137
0.49011
0.2284
0.56745
0.92078
0.32207
-0.26534
-0.08551
-1.18336
0.66123
0.66337
1.03299
-1.20562
-1.6445
-0.18654
-0.14302
0.979
0.41774
-1.23277
-0.04375
-1.10357
0.35124
-0.56397
0.06713
-0.92077
-0.33526
0.26212
-1.07198
-0.43642
-0.02342
0.6096
0.64829
0.59459
-1.00173
-0.00091
-0.26727
-1.22027
0.1969
0.3721
0.58424
-0.56791
0.06303
0.71159
1.51933
0.54024
-1.48378
-2.0066
0.97918
-1.73513
-1.51348
1.00091
0.95277
0.50633
0.80778
-0.16604
-0.7088
1.64675
-0.8331
-1.3795
1.02926
-0.78534
0.93905
0.73075
0.22919
-1.18245
0.12562
-0.55424
-0.4152
-0.00877
-1.00431
0.89554
-0.02943
-0.34614
0.2492
1.66436
1.57223
-0.42079
-0.35465
-0.35763
0.29406
-0.32488
0.15629
-0.55196
-0.42225
0.16502
2.11502
0.03346
0.7724
-0.7303
