0.76582
1.1489
0.8564
1.50347
-0.82791
-1.92767
1.39391
0.48495
-0.67718
-0.59214
0.26543
0.92007
-1.32867
-0.14205
0.78583
0.47127
-0.9654
0.6269
0.56614
0.6331
-0.45524
0.24273
2.22151
-1.02561
0.8634
-1.75379
0.06861
-1.12462
1.90025
0.27415
-1.19091
-0.95077
-1.68821
-2.06131
0.16849
0.7377
-1.32415
2.3624
1.51692
-0.74936
-0.69067
0.29001
0.84372
-0.58031
0.55316
-1.15883
-0.79881
1.1992
-0.54188
0.97282
0.00643
-0.80577
-1.14045
1.36598
-0.18236
0.32491
-0.70142
-0.82793
0.15149
0.80205
-0.80416
1.03826
-1.20628
-0.26678
-0.00724
2.2422
1.60325
-0.32977
0.29763
-0.8556
-0.34143
0.02652
1.39363
0.09633
0.39357
-0.72328
0.15129
0.48593
-1.73312
-0.48859
1.52561
-0.25835
0.16391
-0.67498
0.33155
-0.4966
-1.46623
0.16051
0.42566
0.41183
0.41721
-2.01244
1.20562
0.29351
-0.11578
-0.23368
0.45137
0.58543
0.96047
-0.86193
