0.37329
-0.42825
0.54175
0.93668
1.28521
-1.12487
0.36962
2.78308
-0.61349
0.92676
2.04197
0.70927
-0.17823
-0.87865
-1.27354
-0.38398
1.33234
1.41589
0.09838
-0.44327
1.37565
1.2396
-0.33799
0.88066
-1.20501
1.06412
1.6404
0.63834
-0.26525
-1.5231
-2.73204
0.14955
-1.29462
-1.01811
-1.24679
0.71083
-0.04525
0.60264
0.56232
1.83235
0.33118
1.02451
-0.98374
1.20374
-0.75715
0.06774
0.46687
-0.05067
-0.93677
0.38476
1.25881
0.59628
0.3323
0.15368
1.2468
-1.07579
-0.47448
-0.71337
-0.38298
0.05149
0.7869
-0.46211
-0.61394
-0.56312
-0.45047
0.53694
-0.1378
1.92494
0.41771
0.03942
1.34006
0.6822
0.57922
-1.20834
1.24135
1.07442
1.06029
0.91314
-0.42448
-0.05042
0.96328
0.14347
-1.18812
-0.93812
0.40606
-0.44852
0.24987
0.33501
-0.62919
1.51171
2.04835
-0.31824
-0.3439
1.06913
-0.85727
0.72097
-0.2457
-0.77893
-0.44175
1.84725
