-0.85483
-0.09538
-1.86748
-0.50889
-0.3024
-0.89282
0.88371
0.93448
0.01979
-0.40033
-0.86691
-1.50562
0.46123
0.84832
-0.34646
1.61565
-1.46681
1.73588
0.92852
0.60599
0.13359
-0.07163
-1.34265
-0.35026
0.6092
-0.73208
-0.59434
1.50324
-0.82812
-1.69264
-0.39131
0.69453
-1.10461
-1.02693
-1.97137
-1.25437
0.72698
1.04888
-0.01447
1.69797
-0.74371
-1.05727
0.46847
0.75955
1.0308
0.0791
-1.37199
-1.385
0.64581
0.79244
-1.29959
0.76862
0.7783
-1.41116
0.32186
-0.40202
-0.57545
-0.99047
-0.53917
-0.52603
0.32901
1.24045
-0.09444
0.20918
-0.04237
1.9557
-0.9461
0.58625
-0.42001
0.09827
-0.96138
-0.63719
-0.54945
0.69869
-1.18514
-0.39009
-2.63052
-1.032
-0.91578
-0.72781
-1.28341
0.01849
-0.7727
0.52818
-1.75396
1.47333
0.18334
-0.76663
1.15016
0.90017
0.34605
0.11642
-0.00679
1.36625
-0.68906
1.23701
0.1986
-0.47791
0.78494
0.11585
