0.10873
0.25196
-1.59741
-3.00209
2.0345
1.72123
0.93256
1.01646
1.22853
0.25499
-1.17792
0.93916
1.98271
-1.00214
0.12207
0.45063
0.18344
-0.41657
-0.543
1.36319
2.61829
1.48741
0.65004
-0.37788
0.75255
0.99801
-0.95118
0.16162
-0.12579
0.35543
-0.69679
-0.54957
0.26816
-0.0926
-1.38248
0.14471
-0.50206
-0.62891
0.3783
-0.47818
0.71573
1.38917
1.71073
-1.67524
-1.34973
-0.70056
-0.13939
-0.99768
0.32112
-2.00218
0.06856
0.36448
0.22658
1.0505
0.41004
-0.20599
-1.18206
-0.7117
0.42967
-1.3893
1.16011
0.41005
-0.11378
-1.40378
0.48604
-0.42341
0.92475
-0.62437
-0.02991
-0.41753
0.4925
0.40344
-0.56326
1.0996
-1.0161
0.71785
-0.47246
0.14266
-2.62042
1.12663
1.63168
3.1768
0.15757
-0.19869
0.93088
0.63956
1.67425
0.09522
-0.10773
1.30088
-1.65978
0.97169
2.17913
-0.64051
1.08893
-0.47157
0.83782
0.39106
0.18742
0.37743
